"readmission" <-
structure(list(id = c(1, 1, 1, 2, 2, 3, 3, 4, 4, 4, 4, 4, 5, 
5, 6, 6, 6, 6, 7, 7, 7, 7, 8, 9, 9, 10, 11, 11, 11, 12, 13, 13, 
14, 15, 15, 15, 16, 16, 17, 18, 19, 20, 20, 21, 21, 22, 23, 23, 
24, 24, 25, 26, 27, 28, 29, 29, 30, 31, 31, 32, 32, 32, 33, 33, 
33, 33, 34, 35, 35, 36, 37, 37, 37, 38, 39, 40, 40, 40, 40, 40, 
40, 40, 41, 41, 42, 42, 42, 43, 43, 43, 44, 44, 45, 46, 47, 48, 
49, 49, 50, 50, 51, 51, 51, 52, 52, 52, 52, 52, 53, 53, 53, 54, 
54, 55, 56, 57, 58, 59, 60, 60, 61, 62, 63, 64, 64, 65, 65, 66, 
67, 68, 68, 69, 70, 71, 71, 71, 72, 73, 74, 75, 76, 76, 76, 77, 
78, 78, 78, 78, 78, 79, 79, 80, 81, 82, 82, 83, 83, 84, 84, 85, 
86, 86, 86, 87, 87, 88, 88, 89, 90, 91, 91, 91, 92, 93, 93, 93, 
93, 94, 94, 95, 96, 97, 97, 97, 97, 98, 98, 98, 99, 100, 100, 
101, 102, 102, 102, 103, 103, 104, 105, 106, 107, 108, 108, 109, 
109, 110, 111, 112, 113, 114, 114, 114, 114, 114, 114, 114, 114, 
114, 114, 115, 115, 115, 116, 117, 117, 118, 118, 119, 119, 120, 
121, 122, 122, 122, 122, 122, 123, 124, 125, 125, 126, 126, 127, 
128, 128, 129, 129, 129, 130, 131, 131, 131, 131, 131, 132, 132, 
133, 133, 133, 133, 134, 134, 135, 135, 135, 135, 135, 136, 136, 
136, 136, 136, 137, 138, 138, 138, 138, 139, 140, 141, 141, 141, 
141, 142, 142, 143, 143, 144, 144, 145, 146, 146, 147, 147, 147, 
147, 147, 148, 148, 149, 149, 149, 150, 150, 151, 152, 153, 153, 
153, 154, 154, 154, 155, 156, 156, 156, 157, 158, 159, 160, 160, 
160, 161, 162, 163, 164, 165, 166, 167, 168, 168, 169, 170, 170, 
170, 171, 171, 171, 172, 173, 174, 174, 174, 174, 174, 175, 176, 
176, 177, 177, 177, 178, 179, 180, 180, 181, 182, 183, 183, 183, 
183, 183, 183, 184, 184, 185, 185, 186, 186, 186, 186, 187, 187, 
187, 188, 189, 190, 190, 190, 191, 191, 191, 192, 192, 192, 192, 
193, 194, 194, 195, 196, 197, 198, 198, 199, 199, 200, 201, 201, 
201, 201, 201, 201, 201, 202, 202, 202, 203, 203, 204, 205, 206, 
206, 207, 208, 208, 209, 209, 209, 209, 209, 209, 209, 210, 211, 
212, 212, 212, 212, 213, 214, 214, 214, 214, 214, 215, 216, 217, 
218, 219, 219, 219, 219, 220, 220, 220, 221, 221, 221, 222, 223, 
224, 224, 225, 226, 226, 227, 228, 228, 228, 228, 228, 228, 229, 
229, 230, 231, 232, 232, 232, 232, 232, 233, 234, 235, 235, 235, 
236, 237, 237, 238, 239, 240, 240, 240, 241, 241, 242, 242, 242, 
243, 243, 243, 243, 244, 245, 246, 246, 247, 247, 247, 248, 249, 
250, 250, 251, 251, 252, 252, 253, 253, 254, 254, 254, 255, 256, 
256, 257, 258, 259, 260, 261, 262, 262, 263, 263, 264, 265, 266, 
267, 268, 269, 269, 269, 269, 269, 269, 269, 269, 269, 269, 269, 
270, 270, 270, 271, 272, 272, 273, 274, 274, 274, 274, 274, 274, 
274, 274, 274, 274, 274, 274, 274, 274, 274, 274, 274, 275, 275, 
276, 276, 276, 276, 277, 277, 278, 278, 278, 279, 280, 280, 280, 
280, 280, 281, 282, 282, 282, 283, 283, 284, 285, 286, 287, 288, 
288, 289, 290, 290, 291, 292, 292, 293, 294, 295, 296, 296, 297, 
298, 298, 298, 298, 298, 298, 299, 300, 300, 301, 301, 301, 301, 
302, 302, 302, 303, 304, 304, 304, 304, 304, 305, 305, 306, 307, 
307, 308, 309, 309, 309, 309, 310, 310, 311, 312, 313, 314, 315, 
315, 316, 316, 317, 317, 317, 317, 317, 317, 317, 317, 317, 318, 
318, 318, 318, 318, 318, 318, 319, 320, 320, 321, 321, 321, 322, 
322, 323, 324, 324, 325, 325, 325, 325, 326, 327, 327, 327, 327, 
327, 328, 329, 330, 331, 331, 332, 333, 334, 334, 335, 335, 336, 
336, 336, 336, 336, 336, 337, 338, 339, 339, 339, 340, 341, 342, 
343, 344, 345, 346, 347, 347, 347, 347, 348, 348, 348, 348, 348, 
349, 349, 350, 350, 350, 350, 350, 350, 350, 350, 350, 350, 350, 
350, 350, 350, 350, 350, 350, 350, 350, 350, 350, 350, 350, 351, 
351, 351, 351, 352, 353, 353, 354, 354, 355, 355, 356, 357, 357, 
358, 359, 360, 361, 361, 362, 363, 364, 365, 366, 366, 367, 368, 
368, 368, 369, 369, 370, 370, 370, 371, 372, 373, 374, 375, 376, 
377, 378, 378, 378, 379, 379, 379, 379, 379, 379, 380, 381, 382, 
383, 383, 384, 385, 386, 387, 388, 389, 389, 389, 389, 390, 391, 
392, 392, 393, 393, 393, 393, 393, 393, 394, 394, 395, 395, 396, 
396, 396, 396, 396, 396, 397, 397, 397, 397, 398, 398, 399, 399, 
399, 399, 399, 399, 399, 399, 399, 399, 399, 399, 400, 401, 401, 
401, 401, 401, 401, 402, 402, 403), enum = as.integer(c(1, 2, 
3, 1, 2, 1, 2, 1, 2, 3, 4, 5, 1, 2, 1, 2, 3, 4, 1, 2, 3, 4, 1, 
1, 2, 2, 1, 2, 3, 1, 1, 2, 1, 1, 2, 3, 1, 2, 1, 1, 1, 1, 2, 2, 
3, 1, 1, 2, 1, 2, 1, 2, 1, 2, 1, 2, 1, 2, 3, 2, 3, 4, 1, 2, 3, 
4, 2, 1, 2, 1, 1, 2, 3, 1, 1, 1, 2, 3, 4, 5, 6, 7, 1, 2, 1, 2, 
3, 1, 2, 3, 1, 2, 1, 1, 1, 1, 2, 3, 1, 2, 1, 2, 3, 1, 2, 3, 4, 
5, 1, 2, 3, 1, 2, 1, 1, 2, 1, 2, 1, 2, 1, 1, 1, 1, 2, 1, 2, 1, 
1, 1, 2, 2, 1, 1, 2, 3, 1, 2, 1, 1, 2, 3, 4, 1, 1, 2, 3, 4, 5, 
1, 2, 1, 1, 1, 2, 1, 2, 1, 2, 1, 1, 2, 3, 1, 2, 1, 2, 2, 1, 1, 
2, 3, 1, 1, 2, 3, 4, 2, 3, 2, 1, 1, 2, 3, 4, 1, 2, 3, 1, 1, 2, 
1, 1, 2, 3, 1, 2, 1, 1, 1, 1, 1, 2, 1, 2, 1, 1, 1, 1, 1, 2, 3, 
4, 5, 6, 7, 8, 9, 10, 1, 2, 3, 2, 1, 2, 1, 2, 1, 2, 2, 1, 1, 
2, 3, 4, 5, 1, 1, 1, 2, 1, 2, 1, 1, 2, 1, 2, 3, 1, 1, 3, 4, 5, 
6, 1, 2, 1, 2, 3, 4, 1, 2, 1, 2, 3, 4, 6, 1, 2, 3, 4, 5, 1, 1, 
2, 3, 4, 1, 1, 1, 2, 3, 4, 1, 2, 1, 2, 1, 2, 1, 1, 2, 1, 2, 3, 
4, 5, 1, 2, 1, 2, 4, 1, 2, 1, 1, 1, 2, 3, 1, 2, 4, 1, 1, 2, 3, 
1, 1, 1, 1, 2, 3, 1, 1, 1, 1, 2, 1, 1, 1, 2, 1, 1, 2, 3, 1, 2, 
3, 1, 1, 1, 2, 3, 4, 5, 1, 1, 2, 1, 2, 3, 1, 1, 1, 2, 1, 1, 1, 
2, 3, 4, 5, 6, 1, 2, 1, 2, 2, 3, 4, 5, 1, 2, 3, 1, 2, 2, 3, 4, 
2, 3, 4, 1, 2, 3, 4, 1, 1, 2, 1, 1, 1, 1, 2, 1, 2, 1, 1, 2, 3, 
4, 5, 6, 7, 1, 2, 3, 1, 2, 1, 1, 1, 2, 1, 1, 2, 1, 2, 3, 4, 5, 
6, 7, 1, 1, 2, 3, 4, 5, 1, 1, 2, 3, 4, 5, 1, 2, 1, 1, 1, 2, 3, 
4, 1, 3, 4, 1, 2, 3, 1, 1, 1, 2, 1, 1, 2, 1, 1, 2, 3, 4, 5, 6, 
2, 3, 1, 1, 1, 2, 3, 4, 5, 1, 1, 1, 2, 3, 1, 1, 2, 1, 1, 1, 2, 
3, 1, 2, 1, 2, 3, 1, 2, 3, 4, 1, 1, 1, 2, 1, 2, 3, 1, 1, 1, 2, 
1, 2, 1, 2, 1, 2, 1, 2, 3, 1, 1, 2, 1, 1, 1, 1, 2, 1, 2, 1, 2, 
1, 1, 1, 1, 2, 1, 2, 3, 4, 5, 6, 7, 8, 9, 10, 11, 1, 2, 3, 1, 
2, 3, 1, 1, 2, 3, 4, 5, 6, 7, 8, 9, 10, 11, 12, 13, 14, 15, 17, 
18, 1, 2, 1, 2, 3, 4, 1, 2, 2, 3, 4, 1, 2, 3, 4, 5, 6, 1, 1, 
2, 3, 1, 2, 1, 1, 1, 1, 1, 2, 1, 1, 2, 1, 1, 2, 1, 1, 1, 1, 2, 
1, 1, 2, 3, 4, 5, 6, 1, 1, 2, 1, 2, 3, 4, 1, 2, 3, 1, 1, 2, 3, 
4, 5, 1, 2, 1, 1, 2, 1, 1, 2, 3, 4, 1, 2, 1, 1, 1, 1, 1, 2, 1, 
2, 1, 2, 3, 4, 5, 6, 7, 8, 9, 2, 3, 4, 7, 8, 9, 10, 1, 1, 2, 
2, 3, 4, 1, 2, 1, 1, 2, 1, 2, 3, 4, 1, 1, 2, 3, 4, 5, 1, 1, 1, 
1, 2, 1, 1, 1, 2, 2, 3, 1, 2, 3, 4, 5, 6, 1, 1, 1, 2, 3, 1, 1, 
1, 1, 1, 1, 1, 1, 2, 3, 4, 1, 2, 3, 4, 5, 1, 2, 1, 2, 3, 4, 5, 
6, 7, 8, 9, 10, 11, 12, 13, 14, 15, 16, 17, 18, 19, 20, 21, 22, 
23, 1, 3, 4, 5, 1, 1, 2, 1, 2, 1, 2, 1, 1, 2, 1, 1, 1, 1, 2, 
1, 1, 1, 1, 1, 2, 1, 1, 2, 3, 2, 3, 1, 2, 3, 1, 1, 1, 1, 1, 1, 
1, 1, 2, 3, 2, 3, 4, 5, 6, 7, 1, 1, 1, 1, 2, 1, 2, 1, 1, 1, 1, 
2, 3, 4, 1, 1, 1, 2, 1, 2, 3, 4, 5, 6, 2, 3, 1, 2, 1, 2, 3, 4, 
5, 6, 1, 2, 3, 4, 1, 2, 1, 2, 3, 4, 5, 6, 7, 8, 9, 10, 11, 12, 
1, 1, 2, 3, 4, 5, 6, 1, 2, 1)),