dataNested <-
structure(list(group = c(1L, 1L, 1L, 1L, 1L, 1L, 1L, 1L, 1L, 
1L, 1L, 1L, 1L, 1L, 1L, 1L, 1L, 1L, 1L, 1L, 2L, 2L, 2L, 2L, 2L, 
2L, 2L, 2L, 2L, 2L, 2L, 2L, 2L, 2L, 2L, 2L, 2L, 2L, 2L, 2L, 3L, 
3L, 3L, 3L, 3L, 3L, 3L, 3L, 3L, 3L, 3L, 3L, 3L, 3L, 3L, 3L, 3L, 
3L, 3L, 3L, 4L, 4L, 4L, 4L, 4L, 4L, 4L, 4L, 4L, 4L, 4L, 4L, 4L, 
4L, 4L, 4L, 4L, 4L, 4L, 4L, 5L, 5L, 5L, 5L, 5L, 5L, 5L, 5L, 5L, 
5L, 5L, 5L, 5L, 5L, 5L, 5L, 5L, 5L, 5L, 5L, 6L, 6L, 6L, 6L, 6L, 
6L, 6L, 6L, 6L, 6L, 6L, 6L, 6L, 6L, 6L, 6L, 6L, 6L, 6L, 6L, 7L, 
7L, 7L, 7L, 7L, 7L, 7L, 7L, 7L, 7L, 7L, 7L, 7L, 7L, 7L, 7L, 7L, 
7L, 7L, 7L, 8L, 8L, 8L, 8L, 8L, 8L, 8L, 8L, 8L, 8L, 8L, 8L, 8L, 
8L, 8L, 8L, 8L, 8L, 8L, 8L, 9L, 9L, 9L, 9L, 9L, 9L, 9L, 9L, 9L, 
9L, 9L, 9L, 9L, 9L, 9L, 9L, 9L, 9L, 9L, 9L, 10L, 10L, 10L, 10L, 
10L, 10L, 10L, 10L, 10L, 10L, 10L, 10L, 10L, 10L, 10L, 10L, 10L, 
10L, 10L, 10L, 11L, 11L, 11L, 11L, 11L, 11L, 11L, 11L, 11L, 11L, 
11L, 11L, 11L, 11L, 11L, 11L, 11L, 11L, 11L, 11L, 12L, 12L, 12L, 
12L, 12L, 12L, 12L, 12L, 12L, 12L, 12L, 12L, 12L, 12L, 12L, 12L, 
12L, 12L, 12L, 12L, 13L, 13L, 13L, 13L, 13L, 13L, 13L, 13L, 13L, 
13L, 13L, 13L, 13L, 13L, 13L, 13L, 13L, 13L, 13L, 13L, 14L, 14L, 
14L, 14L, 14L, 14L, 14L, 14L, 14L, 14L, 14L, 14L, 14L, 14L, 14L, 
14L, 14L, 14L, 14L, 14L, 15L, 15L, 15L, 15L, 15L, 15L, 15L, 15L, 
15L, 15L, 15L, 15L, 15L, 15L, 15L, 15L, 15L, 15L, 15L, 15L, 16L, 
16L, 16L, 16L, 16L, 16L, 16L, 16L, 16L, 16L, 16L, 16L, 16L, 16L, 
16L, 16L, 16L, 16L, 16L, 16L, 17L, 17L, 17L, 17L, 17L, 17L, 17L, 
17L, 17L, 17L, 17L, 17L, 17L, 17L, 17L, 17L, 17L, 17L, 17L, 17L, 
18L, 18L, 18L, 18L, 18L, 18L, 18L, 18L, 18L, 18L, 18L, 18L, 18L, 
18L, 18L, 18L, 18L, 18L, 18L, 18L, 19L, 19L, 19L, 19L, 19L, 19L, 
19L, 19L, 19L, 19L, 19L, 19L, 19L, 19L, 19L, 19L, 19L, 19L, 19L, 
19L, 20L, 20L, 20L, 20L, 20L, 20L, 20L, 20L, 20L, 20L, 20L, 20L, 
20L, 20L, 20L, 20L, 20L, 20L, 20L, 20L), subgroup = c(1L, 1L, 
1L, 1L, 1L, 2L, 2L, 2L, 2L, 2L, 3L, 3L, 3L, 3L, 3L, 4L, 4L, 4L, 
4L, 4L, 5L, 5L, 5L, 5L, 5L, 6L, 6L, 6L, 6L, 6L, 7L, 7L, 7L, 7L, 
7L, 8L, 8L, 8L, 8L, 8L, 9L, 9L, 9L, 9L, 9L, 10L, 10L, 10L, 10L, 
10L, 11L, 11L, 11L, 11L, 11L, 12L, 12L, 12L, 12L, 12L, 13L, 13L, 
13L, 13L, 13L, 14L, 14L, 14L, 14L, 14L, 15L, 15L, 15L, 15L, 15L, 
16L, 16L, 16L, 16L, 16L, 17L, 17L, 17L, 17L, 17L, 18L, 18L, 18L, 
18L, 18L, 19L, 19L, 19L, 19L, 19L, 20L, 20L, 20L, 20L, 20L, 21L, 
21L, 21L, 21L, 21L, 22L, 22L, 22L, 22L, 22L, 23L, 23L, 23L, 23L, 
23L, 24L, 24L, 24L, 24L, 24L, 25L, 25L, 25L, 25L, 25L, 26L, 26L, 
26L, 26L, 26L, 27L, 27L, 27L, 27L, 27L, 28L, 28L, 28L, 28L, 28L, 
29L, 29L, 29L, 29L, 29L, 30L, 30L, 30L, 30L, 30L, 31L, 31L, 31L, 
31L, 31L, 32L, 32L, 32L, 32L, 32L, 33L, 33L, 33L, 33L, 33L, 34L, 
34L, 34L, 34L, 34L, 35L, 35L, 35L, 35L, 35L, 36L, 36L, 36L, 36L, 
36L, 37L, 37L, 37L, 37L, 37L, 38L, 38L, 38L, 38L, 38L, 39L, 39L, 
39L, 39L, 39L, 40L, 40L, 40L, 40L, 40L, 41L, 41L, 41L, 41L, 41L, 
42L, 42L, 42L, 42L, 42L, 43L, 43L, 43L, 43L, 43L, 44L, 44L, 44L, 
44L, 44L, 45L, 45L, 45L, 45L, 45L, 46L, 46L, 46L, 46L, 46L, 47L, 
47L, 47L, 47L, 47L, 48L, 48L, 48L, 48L, 48L, 49L, 49L, 49L, 49L, 
49L, 50L, 50L, 50L, 50L, 50L, 51L, 51L, 51L, 51L, 51L, 52L, 52L, 
52L, 52L, 52L, 53L, 53L, 53L, 53L, 53L, 54L, 54L, 54L, 54L, 54L, 
55L, 55L, 55L, 55L, 55L, 56L, 56L, 56L, 56L, 56L, 57L, 57L, 57L, 
57L, 57L, 58L, 58L, 58L, 58L, 58L, 59L, 59L, 59L, 59L, 59L, 60L, 
60L, 60L, 60L, 60L, 61L, 61L, 61L, 61L, 61L, 62L, 62L, 62L, 62L, 
62L, 63L, 63L, 63L, 63L, 63L, 64L, 64L, 64L, 64L, 64L, 65L, 65L, 
65L, 65L, 65L, 66L, 66L, 66L, 66L, 66L, 67L, 67L, 67L, 67L, 67L, 
68L, 68L, 68L, 68L, 68L, 69L, 69L, 69L, 69L, 69L, 70L, 70L, 70L, 
70L, 70L, 71L, 71L, 71L, 71L, 71L, 72L, 72L, 72L, 72L, 72L, 73L, 
73L, 73L, 73L, 73L, 74L, 74L, 74L, 74L, 74L, 75L, 75L, 75L, 75L, 
75L, 76L, 76L, 76L, 76L, 76L, 77L, 77L, 77L, 77L, 77L, 78L, 78L, 
78L, 78L, 78L, 79L, 79L, 79L, 79L, 79L, 80L, 80L, 80L, 80L, 80L
), t1 = c(7.496023, 1.9733403, 5.1983415, 0.6593517, 3.840896, 
0.4632736, 1.6894384, 0.0176663, 0.4506022, 4.0068631, 4.5334248, 
9.6542517, 1.4738245, 8.4860301, 7.4157645, 9.7461704, 8.8449994, 
4.5014761, 0.905128, 7.1796586, 1.7170484, 1.5687935, 9.142536, 
4.4993551, 3.6136487, 7.5347704, 1.7302112, 2.9435803, 3.2626729, 
8.1468619, 7.7490568, 2.9514529, 5.2795964, 9.7693437, 4.8980343, 
6.257598, 1.1267543, 8.9964478, 8.8691504, 0.7502516, 0.6536889, 
1.3187878, 3.6124797, 1.926907, 3.2481048, 0.2893141, 5.6563651, 
3.0773963, 4.1917386, 4.209581, 1.0853493, 0.1279186, 5.4832263, 
8.6052427, 8.3179604, 8.9505738, 3.7337762, 1.0598351, 3.5292202, 
2.1070345, 9.3905286, 0.9029199, 4.5338577, 2.5374071, 3.8875734, 
9.316001, 9.3523331, 7.8753346, 2.1757938, 3.0378737, 7.0354977, 
5.3547662, 6.428859, 6.4896049, 9.4227853, 2.6009049, 8.4132779, 
8.8816904, 1.1553139, 4.5507595, 7.8828568, 0.3446178, 1.0773839, 
0.0974251, 9.6937744, 5.0365507, 2.0682268, 8.0079465, 4.8321852, 
6.8304126, 2.1146888, 5.0501668, 1.3179544, 0.2859526, 3.4436686, 
1.0235406, 7.7489077, 2.3383427, 9.8196025, 9.3499397, 2.5957853, 
6.9749103, 0.2171093, 7.7517988, 9.8230423, 7.1335138, 7.7696167, 
3.3157636, 2.037117, 5.1310591, 6.5089538, 1.4061816, 1.7777621, 
6.5626183, 7.548853, 0.5415145, 8.2524543, 1.7207498, 4.2087589, 
7.7014694, 0.1192674, 0.151279, 0.6883208, 6.6278928, 3.4400344, 
8.6855046, 9.6903745, 7.6434983, 4.8225098, 6.1467655, 0.7512903, 
0.1736151, 5.7906877, 2.4400538, 2.8284539, 5.8013436, 7.8502818, 
7.7205318, 1.8473706, 5.1684095, 5.0592159, 7.5809814, 8.0769869, 
4.2793046, 1.1462642, 4.0001769, 4.5054445, 3.9702338, 3.1185701, 
6.6008581, 0.431044, 2.1765384, 6.4689213, 0.686948, 0.6013466, 
0.729314, 3.8590744, 7.6372446, 4.6599622, 3.0429736, 6.6851572, 
7.716419, 4.1435072, 4.7921445, 9.0697056, 0.3330314, 5.5760866, 
1.9837318, 2.0591196, 3.4159227, 4.7402227, 4.3011603, 0.7673451, 
3.490123, 9.3011724, 2.6894291, 8.521148, 3.0741686, 7.5833067, 
8.3868565, 6.2462626, 9.218239, 3.6779431, 4.7383991, 3.1938754, 
5.4179409, 3.8289106, 3.4297574, 0.2991459, 3.9688064, 0.6229186, 
5.3861985, 4.0807463, 8.8156997, 6.6335285, 6.0819529, 9.8608226, 
5.171371, 4.2580788, 5.8858769, 0.637393, 5.7511885, 1.2797065, 
6.1268894, 9.3853816, 6.397506, 9.8078597, 7.8047806, 8.9584144, 
8.6303252, 2.4697424, 8.2250827, 5.8492035, 9.1005428, 2.229356, 
8.789368, 6.8623906, 1.0440062, 5.3289062, 1.5923621, 2.7795578, 
2.9268959, 5.6762685, 2.9760341, 5.4330641, 1.5400756, 1.1812477, 
6.4129782, 9.9030471, 1.9395535, 5.720692, 8.4353784, 3.7599337, 
2.2182205, 7.9406877, 3.532066, 9.1632174, 2.9782994, 3.8621894, 
6.3039152, 0.4198167, 2.1612752, 1.5615429, 9.5345765, 2.8104007, 
7.3064798, 6.9638542, 5.4152684, 7.5709157, 2.2827995, 1.5806749, 
1.8524817, 7.3662508, 4.0403128, 4.3047804, 3.0467378, 2.7230119, 
5.5368283, 9.9590035, 8.0558126, 8.2086565, 6.9546738, 0.6945951, 
3.4396841, 4.1266318, 9.19873, 0.7899918, 2.9465928, 0.670536, 
0.2714959, 6.0345655, 2.3311144, 9.9152812, 7.7027085, 9.0589466, 
5.4384254, 0.7334529, 7.1485816, 5.7146145, 7.3004977, 9.4758465, 
2.1679442, 8.0997889, 1.3933203, 0.202031, 2.1962824, 9.5412362, 
4.1835386, 6.9794059, 3.8232785, 3.0409965, 5.1053046, 4.9393465, 
8.7462549, 9.2765918, 5.973065, 6.1650602, 0.4941292, 6.0796724, 
9.7527093, 3.9642674, 8.9132899, 2.5214142, 8.0867216, 1.8568505, 
7.9460783, 0.6580283, 5.4708883, 8.6911992, 3.3420703, 9.7361244, 
3.5738095, 9.2584907, 3.397879, 8.5672369, 2.2982336, 7.4060056, 
2.1572558, 0.4808211, 3.4698197, 3.0158478, 4.3703707, 9.326002, 
5.6494153, 7.2054244, 0.5225491, 0.8530569, 2.2994939, 6.88531, 
1.1782881, 4.6699307, 9.2707177, 6.6872743, 6.5234897, 1.6884879, 
9.9130441, 8.1684764, 2.6449062, 8.4199332, 9.5214848, 3.8056942, 
3.3192174, 5.3458039, 2.1297808, 2.0654807, 1.084415, 9.2029898, 
4.6386045, 9.0231223, 0.9666926, 9.2744516, 8.3219362, 0.8791941, 
4.3797339, 7.9427202, 1.906253, 5.3102815, 2.2551725, 3.5336837, 
5.7279991, 3.8746412, 1.7438999, 9.2668454, 7.1158017, 5.5224542, 
2.8591809, 1.7228483, 2.8735388, 2.227087, 3.1376408, 4.8596638, 
